              precision    recall  f1-score   support

           0     0.7005    0.7887    0.7420       691
           1     0.8259    0.8160    0.8209       587
           2     0.8062    0.8062    0.8062       578
           3     0.6997    0.6587    0.6786       375
           4     0.8209    0.8275    0.8242       626
           5     0.8193    0.8372    0.8282       639
           6     0.6755    0.8003    0.7326       731
           7     0.8013    0.8205    0.8108       585
           8     0.8218    0.8384    0.8300       594
           9     0.8032    0.8083    0.8057       626
          10     0.8204    0.7930    0.8065       599
          11     0.8135    0.6805    0.7411       673
          12     0.7768    0.6607    0.7141       669
          13     0.7888    0.6847    0.7331       720
          14     0.8198    0.8119    0.8158       723
          15     0.6979    0.9190    0.7933       284

    accuracy                         0.7809      9700
   macro avg     0.7807    0.7845    0.7802      9700
weighted avg     0.7841    0.7809    0.7804      9700
